image_width: 640
image_height: 480
camera_name: left_camera
camera_matrix:
  rows: 3
  cols: 3
  data: [614.248108124174, 0, 326.343718628038, 0, 614.845433476818, 240.299953273496, 0, 0, 1]
distortion_model: plumb_bob
distortion_coefficients:
  rows: 1
  cols: 5
  data: [0.110350624472879, -0.244005531205921, -0.00300870081599761, 0.00412437405835398, 0]
rectification_matrix:
  rows: 3
  cols: 3
  data: [0.999797108738696, -0.0189453854050636, 0.00684205594815489, 0.0190043066010901, 0.999781967578546, -0.00865179954589683, -0.00667665248128439, 0.00878007270039493, 0.999939164467029]
projection_matrix:
  rows: 3
  cols: 4
  data: [643.927304084407, 0, 317.858806610107, 1509.01041578662, 0, 643.927304084407, 244.262573242188, 0, 0, 0, 1, 0]
