# oST version 5.0 parameters


[image]

width
640

height
480

[narrow_stereo]

camera matrix
623.975703 0.000000 323.778395
0.000000 624.295423 242.136119
0.000000 0.000000 1.000000

distortion
0.131375 -0.242915 0.000130 0.002108 0.000000

rectification
1.000000 0.000000 0.000000
0.000000 1.000000 0.000000
0.000000 0.000000 1.000000

projection
634.055725 0.000000 324.300872 0.000000
0.000000 635.019104 241.680174 0.000000
0.000000 0.000000 1.000000 0.000000

