image_width: 640
image_height: 480
camera_name: left_camera
camera_matrix:
  rows: 3
  cols: 3
  data: [623.975703, 0, 23.778395, 0, 624.295423, 242.136119, 0, 0, 1]
distortion_model: plumb_bob
distortion_coefficients:
  rows: 1
  cols: 5
  data: [0.131375, -0.242915, 0.000130, 0.002108, 0.000000]
rectification_matrix:
  rows: 3
  cols: 3
  data: [1, 0, 0, 0, 1, 0, 0, 0, 1]
projection_matrix:
  rows: 3
  cols: 4
  data: [634.055725, 0, 324.300872, 0, 0, 635.019104, 241.680174, 0, 0, 0, 1, 0]